# 1,   2,   3,   4,   5,   6,   7,   8,   9,   10,  11,  12,  13,  14,  15
[
    [8,   16,  32,  64,  128, 256, 9,   27,  81,  243, 729, 16,  64,  256, 10],
    [2,   8,   9,   21,  64,  108, 154, 285, 42,  126, 245, 406, 15,  25],
    [37,  75,  16,  80,  212, 544, 63,  222, 306, 20,  60,  229, 393],
    [23,  34,  187, 361, 4,   16,  30,  166, 534, 25,  42,  362],
    [10,  110, 248, 26,  54,  66,  180, 412, 848, 24,  60],
    [100, 136, 404, 920, 37,  75,  16,  80,  212, 544],
    [63,  222, 306, 20,  60,  229, 393, 23,  34],
    [187, 361, 4,   16,  30,  166, 534, 25],
    [42,  362, 10,  110, 248, 26,  54],
    [66,  180, 412, 848, 24,  60],
    [100, 136, 404, 920, 46],
    [74,  236, 282, 762],
    [92,  170, 442],
    [868, 123],
    [99],
    []
]
